69  60  93  3  78  5  79  63  95  77
6  15  65  23  58  20  65  87  62  52
15  64  70  46  85  30  55  28  69  12
55  34  2  87  52  18  88  0  49  29
51  84  30  61  84  2  32  47  59  35
1  15  86  39  54  75  56  55  21  83
78  40  67  76  37  45  20  39  97  78
78  55  96  29  80  23  94  74  5  54
23  12  53  88  82  35  95  86  16  68
96  25  30  78  42  21  76  96  63  80
26  83  49  57  57  71  45  86  67  90
4  96  57  59  90  13  57  55  48  49
9  96  95  7  82  44  64  22  71  8
91  38  73  45  14  3  23  66  46  78
43  81  88  65  9  38  75  86  82  35
28  28  30  38  21  25  97  23  73  59
86  58  67  66  17  21  86  98  1  53
64  2  98  25  36  9  80  18  86  82
2  100  85  5  80  94  48  19  36  58
0  12  96  67  40  50  69  57  85  54